集合C的大小是：105
编号:1--> 217 450 698 287 225 191 622 885 651 786 389 793 668 379 132 258 417 201 843 684 829 521 171 250 366 101 293 72 640 337 534 44 501 787 306 613 835 935 14 462 849 735 82 3 590 96 834 34 401 508 215 143 648 932 627 433 442 802
编号:51--> 99 190 937 575 267 619 972 160 307 877 56 616 426 111 246 311 155 503 238 169 131 497 451 560 904
编号:119--> 565 114 810 253 927 983 915 931 481 951 660 333 178 487 965 156 364 484 785 51 55 626 645 299 368
编号:298--> 249 145 409 671 718 939 569 256 285 43 612 407 248 958 19 354 591 242 422 421 479 54 647 65 889
编号:400--> 841 432 716 324 880 592 262 539 813 357 185 326 895 679 17 316 566 455 150 122 872 773 994 995 874
编号:411--> 369 601 677 550 766 284 670 611 255 219 929 895 509 317 308 344 823 795 879 29 157 196 494 395 752
编号:659--> 839 230 607 398 214 559 446 425 615 594 120 210 790 48 447 746 658 769 32 704 584 888 535 736
编号:852--> 703 792 918 941 845 238 702 984 763 41 950 297 266 610 197 424 2 938 944 907 789 400 838 543 894
编号:188--> 95 531 187 499 276 745 726 556 965 418 144 515 351 844 770 302 141 112 103 638 933 715 764 319
编号:846--> 967 693 906 403 587 264 771 60 300 153 723 58 604 965 886 696 72 67 26 384 980 136 711 237
编号:164--> 450 142 628 579 457 857 251 388 881 269 822 700 174 847 890 456 488 412 55 858 610 500 82 309 252
编号:276--> 750 153 224 1 364 522 921 670 996 458 765 922 981 712 259 199 804 262 175 666 4 540 471 173
编号:17--> 603 669 533 390 511 469 919 577 418 206 77 796 137 855 650 744 228 220 56 833 427
编号:44--> 485 204 93 968 198 905 128 431 948 949 969 908 39 784 839 727 456 768 860 476 68
编号:357--> 254 268 758 700 528 75 818 359 558 673 649 274 660 6 251 930 814 519 928 424 375 282 146
编号:524--> 788 689 445 177 478 144 226 266 358 725 371 852 663 720 261 574 494 863 313 112 613 343 777 304
编号:701--> 246 849 381 954 721 349 762 180 685 265 470 766 883 739 552 994 859 561 302 570 980 664 387 83 437
编号:857--> 643 939 726 184 800 331 632 971 734 867 873 882 691 735 539 273 360 537 125 547 53 782 278
编号:191--> 277 355 235 553 773 844 24 946 877 321 534 891 947 916 524 520 894 559 526 411 729 836 42 179 469
编号:283--> 449 361 36 429 488 566 243 1000 898 994 382 625 94 579 59 569 777 245 703 988 675 541 378 748
编号:737--> 978 854 605 717 269 252 602 292 753 398 122 824 84 415 974 755 11 626 338 61 219 962 121 262
编号:501--> 305 231 483 883 842 208 377 362 710 47 810 850 612 37 937 399 345 751 646 374
编号:27--> 817 971 352 283 523 279 166 564 808 344 205 934 676 368 737 536 643 194 146 115
编号:194--> 680 170 903 597 836 690 956 473 925 997 570 825 936 544 717 810 773 138 866 400 822 172
编号:219--> 603 729 815 601 43 221 896 614 875 127 990 296 19 982 650 15 342 822 303 713 61 657 742 835
编号:775--> 374 828 229 145 323 672 134 96 380 568 239 99 485 648 829 758 709 659 964 767 893 813 952 548
编号:141--> 556 490 102 21 476 420 790 388 441 317 322 557 695 683 599 443 953 717 648 995 1 809 36 207 508
编号:632--> 115 911 586 156 604 412 991 627 254 596 27 46 85 140 334 247 593 474 116 733
编号:285--> 430 107 312 908 148 35 124 299 89 38 448 218 844 820 139 708
编号:505--> 82 125 63 138 301 909 625 459 48 66 979 841 598 163 177 222 306 30 461 347 384 293 502 560 605
编号:815--> 819 658 761 745 299 12 402 652 436 646 190 829 740 618 701 92 656 485 489 913
编号:912--> 609 672 104 19 786 720 960 798 977 532 416 843 493 724 939 353 589 481 507 108 858
编号:533--> 196 498 234 478 204 891 708 837 34 100 24 924 663 754 686 506 629 319 370 49 193
编号:925--> 329 126 396 328 869 916 648 780 267 25 970 880 884 326 168 587 34 923 143 656 7 442
编号:36--> 788 209 259 735 232 715 521 659 284 975 513 758 684 809 581 630 105 88 226 807 152 278 920 689
编号:216--> 171 57 195 143 337 631 366 109 260 304 577 976 729 512 323 165 9 636 606
编号:260--> 654 356 596 334 161 525 16 714 766 643 772 276 374 495 282 331 908 755 392 757 648 730
编号:817--> 240 816 146 148 95 358 118 86 420 614 602 600 895 963 214 961 801 829 638 67 699 439 562
编号:73--> 446 263 466 494 683 432 587 67 885 644 497 865 869 201 945 902 617 144 719 130 211
编号:772--> 332 169 271 73 438 45 830 791 867 62 123 475
编号:949--> 770 241 835 971 960 707 571 862 951 998 701 676 70 775 490 799 792 690 33 377 330
编号:202--> 794 539 181 147 747 212 326 774 262 46 920 31 324 129 607 928 467 865
编号:206--> 26 511 74 176 408 153 184 259 76 999 257 592 696 437 91 447 883 278 488 778 335
编号:228--> 54 626 4 864 737 114 943 262 841 583 287 20 317 165 751 682 192 219 973 516 51 725 588
编号:469--> 3 728 879 338 464 702 692 517 938 289 194 238 414 234 724 567 115 964 918 486 686 827 693 745
编号:549--> 861 26 231 427 122 803 281 435 786 185 356 361 828 214 227 252 764 372 272 615 992 456 397 351
编号:863--> 233 549 573 118 817 250 709 840 801 100 887 312 186 959 320 812
编号:906--> 906 84 514 462 363 624 480 661 838 831 843 430 648 107 868 743 219 918 135 478 802
编号:58--> 928 200 302 585 160 149 664 732 639 119 75 209 503 791 493 508 511 365 336
编号:602--> 314 65 131 986 182 203 241 162 598 125 917 72 972 941 23 359 395 240 556 223 525 740 540
编号:0--> 382 313 112 746 430 454 384 99 13 481 574 821 512 60 487 538 391 373 469 667
编号:241--> 195 305 537 901 326 49 405 582 635 447 903 498 199 563 104 131 201 910 360 41 866 529 938
编号:431--> 370 856 535 401 255 970 110 378 674 760 448 489 848 725 795 38 580 933 737 935 104 154
编号:489--> 680 507 701 167 79 113 295 38 751 347 118 482 846 620 968
编号:943--> 101 64 151 177 169 709 160 885 139 17 765 498 863 376 749 452 5 542 845
编号:982--> 741 828 953 854 19 916 884 370 342 350 348 945 48 603 145 604 530 87 318 555 933
编号:50--> 235 675 90 106 489 128 664 708 653 810 995 785 764 640 641 957 402 480 406 470 387 264 721 869 476
编号:203--> 75 964 264 61 460 945 590 174 716 813 572 428 202 47 431 288 396 748 327
编号:408--> 394 972 687 57 94 968 31 844 688 341 164 439 300 983 137 870 15
编号:535--> 81 494 236 21 925 58 760 518 128 215 63 727 337 111 884 937 756 546 979 616 682 791 387 513 781
编号:789--> 214 591 592 915 457 434 695 851 944 442 706 19 684 835 523 907 418 705 983 962 8 679 248 117 658
编号:15--> 215 901 265 825 623 330 132 451 900 294 37 633 321 245 935 747 578 603
编号:172--> 962 3 319 50 210 570 593 134 408 296 217 57 78 19 647 36 6 69 604 298 286 34 422 622
编号:409--> 262 757 98 988 650 217 97 948 925 27 409 487 453 385 532 976 681 177
编号:604--> 776 865 475 768 634 66 56 621 136 831 988 697 510 660 763 296 79 173 204
编号:11--> 676 418 249 389 500 439 336 600 413 290 151 429 921 124 146 29 678 797 708
编号:169--> 642 942 900 440 246 607 759 173 793 297 408
编号:218--> 578 365 93 339 188 890 750 844 630 650 99 159 883 448 30 161 520 213
编号:270--> 932 614 191 563 183 363 552 456 61 564 324 67 688 345 544 665 288 367 444 854 640
编号:576--> 18 12 160 714 858 930 302 178 849 130 410 340 166 551 515 584 777
编号:605--> 632 311 817 701 993 818 504 439 96 778 222 176 28 5 415 270 228 631 636 107 602 793 417
编号:18--> 480 593 822 595 227 604 137 468 120 779 691
编号:123--> 776 990 618 52 856 202 215 835 511 24 437 488 371 805 807 160 387 987 809 174 135 474 535
编号:129--> 165 30 786 383 324 97 823 962 875 853 988 855 704 637 507 750 521 2 430 950 299
编号:168--> 598 496 66 692 174 712 820 996 336 818 770 90 576 747 540 525 773 40
编号:178--> 680 325 529 802 850 214 301 618 639 512 560 172 840 552 806 601 446 653 613 473 622 738
编号:333--> 154 582 387 676 143 545 151 372 218 914 851 293 969 466 933 133 565
编号:336--> 567 314 891 407 41 966 655 554 522 277
编号:364--> 263 687 947 351 794 85 274 625 912 516 158 34 189 796 962 578 979 992 447 1
编号:466--> 474 374 478 896 192 10 867 159 903 975 215 472 216 81 63 689
编号:607--> 689 242 897 306 55 437 477 676 221 734 563 845 429 878 942 1 618 714
编号:728--> 465 672 892 338 599 342 365 928 375 858 516 275 683 44 927 24 330 231 522 498 288 415
编号:60--> 217 386 772 176 656 393 200 799 501 735 733 524 536 583 974 224 846
编号:65--> 80 825 206 617 644 917 236 330 146 178 263 154 299 725 22
编号:161--> 698 71 37 175 938 109 484 86 766 635 731 273 603 706 746 658 827
编号:170--> 584 207 463 881 328 300 273 835 858 82 441 371 479 694 992 553
编号:179--> 205 842 932 136 955 574 871 334 495 272 440 784 615 819 904 226 178 995 975 131
编号:240--> 313 111 324 684 527 291 91 215 293 875 882 338 939 987 177 281 970 285 934 612 191 802 264
编号:254--> 732 879 579 719 145 827 443 893 491 493 957 440 259 195 205 969 533 404
编号:391--> 423 977 167 85 883 811 45 713 367 860
编号:464--> 274 421 2 165 603 145 217 125 505 441 307 293 445 780 205 757 369 524 688 56 662 102 462 29
编号:694--> 769 940 668 128 100 800 979 879 482 244 578
编号:754--> 943 229 982 232 506 336 803 824 616 868 608 310 628 91
编号:806--> 916 782 985 806 973 626 315 675 81 803 349 458
编号:887--> 261 903 306 574 15 856 700 255 105 348 722 659 591 372 739 557 742 293 926 702
编号:14--> 341 553 746 103 184 559 626 119 280 66 897 886
编号:45--> 263 919 541 895 86 216 703 69 5 346 12 345 725 213 389 485 836 843 718 211 596 200
编号:52--> 749 296 492 29 818 38 601 149 134 286 606 224 326
编号:53--> 744 228 453 629 148 209 982 388 104 739 880 76 753 899 479 477 367
编号:55--> 832 223 676 241 680 937 742 553 992 225 951 906 132 106
编号:82--> 826 589 551 814 668 721 641 810 150 264 331 879 157 425
编号:94--> 850 342 308 558 989 815 688 782 614 203 35 498 359 579 777 264
编号:133--> 42 54 150 193 360 663 532 876 395 76 312 546 210 174 750 629 458
编号:359--> 360 91 419 241 656 649 326 794 732 205 252 537 421 296 370
编号:666--> 684 77 489 798 225 579 422 939 179 789 442 788 317 529 993 918 783 781
