集合C的大小是：502
编号:1--> 761 2835 3107 2698 1298 933 697 2285 2773 2117 3133 3116 2466 4115 3523 2493 2131 1771 864 957 3583 4150 1766 4348 941 75 991 2791 4598 1211 849 1942 3518 434 2023 4805 3473 353 2592 2664 1575 289
编号:3--> 2312 2184 3974 3750 3127 1082 292 4622 1544 1847 1214 2003 264 2909 2206 4238 3794 3195 2249 780 3525 359 2233 3055 1230 3042 1638
编号:35--> 523 3012 820 2537 4285 1501 1525 2227 995 165 4510 1497 3807 4182 4694 2922 4123 2395 1103 2087 4797 1430 3748 2804 1175
编号:47--> 19 3410 648 234 548 4246 949 2350 253 4031 3832 3019 1217 2828 4785 4309 965 1238 583 1597 1290 12 3929 3228 4945
编号:82--> 2202 2576 4666 1076 1535 1166 2974 1107 3569 103 1850 1357 2422 3193 436 3746 879 1836 823 1352 2579 4856 495 4181 4072
编号:95--> 471 1756 776 3329 4592 3522 613 2993 2026 4705 2440 675 418 2921 3054 2116 4087 2617 53 3687 796 927 1276 2979 1985
编号:229--> 4625 2182 311 2263 122 2380 4019 2066 1698 2320 242 1784 4799 3659 718 2430 3672 2839 4758 3305 366 1661 1763 1510 3904
编号:425--> 199 1113 3535 2636 2856 2973 2091 2171 2966 1308 1758 721 4638 2612 2748 3733 3764 1452 4936 2295 2451 2810 2744 1360 994
编号:526--> 3112 684 4337 2348 3752 4597 929 2147 2805 682 1227 2072 1627 4964 4981 882 3192 1040 4670 2900 170 1844 3614 1283 3448
编号:637--> 3801 2 1369 2065 2836 4581 3653 1562 4986 2898 1384 1081 1475 2193 4141 4788 4587 1984 2569 2944 2373 1563 2595 2864 3364
编号:686--> 4402 3702 4422 3304 288 701 1324 3339 3817 1705 4245 3328 2261 1071 4815 3873 1091 287 2378 64 4650 768 2446 3666 2924
编号:726--> 4593 4052 423 4735 4832 646 446 3685 1258 2382 3756 1515 853 3758 1065 2642 4112 705 4002 4591 2855 3359 3488 982 3732
编号:814--> 1566 3946 1222 3988 1573 425 2697 4521 4720 1067 4557 1702 457 3689 4857 4763 2538 1333 4114 4118 3686 4658 4507 4230 4501
编号:841--> 348 4933 1139 96 3642 1963 3147 2318 1454 1459 1167 1923 3967 2899 4757 3597 3070 4321 3164 4164 3766 1537 4193 4834 3895
编号:936--> 3314 918 2403 3406 2743 1600 3412 99 1186 642 1377 52 1328 4792 4648 833 3290 3843 4665 569 4923 719 4204 4911 369
编号:1172--> 3101 4916 3930 944 276 2712 3185 3662 3375 4 201 3004 2960 1423 2139 403 963 2238 94 795 1350 3326 2254 517 4803
编号:1510--> 499 4692 4443 3655 4985 1927 4887 478 2083 1601 4861 3081 2213 2844 3187 3989 999 3093 4295 4552 4144 1034 301 1959 845
编号:1678--> 79 3547 1427 2153 3698 453 3791 1952 1216 4702 1438 4012 3651 1586 4749 1055 3776 4146 1429 1976 802 1379 206 1891 1310
编号:1944--> 4509 1890 56 3020 4631 1210 4089 3568 2954 358 4993 202 3785 2680 3168 3331 4088 4676 2054 3011 142 2151 1760 3491 3763
编号:1975--> 4273 262 3090 4395 1051 4920 2050 4858 4514 3634 1518 2621 134 3289 2977 3045 716 2510 1877 248 749 687 2393 4017 1855
编号:2001--> 3129 2187 3744 1270 1338 1184 281 626 186 14 4225 355 945 427 3510 4353 4790 1521 2229 63 4197 3336 973 383 3319
编号:2975--> 1922 4375 2088 1236 317 1536 1640 2037 1416 180 4393 3968 1928 1767 3640 3924 1733 3680 855 498 4090 1713 194 3028 4545
编号:3532--> 2589 4063 2044 2514 3563 1979 2012 984 1274 3416 4610 3760 50 3507 1028 577 1045 2913 3637 4270 4559 527 4962 273 4739
编号:3670--> 860 2873 1578 1852 862 3768 4392 2772 68 2781 4024 2086 386 4924 3220 737 4984 3846 1090 1967 2776 3576 3833 2354 1750
编号:4461--> 4013 2108 2359 328 3261 3335 1629 1242 4693 3625 3149 1038 2990 3360 2724 294 4043 4474 2542 1634 2651 3524 3624 3141 2336
编号:363--> 3505 1829 1164 1609 1581 1614 1223 3134 1136 1822 3730 3667 4240 282 1621 1671 555 4102 1862 556 1582 3934 4831 2319
编号:753--> 1691 2282 2264 2122 2457 2500 3683 4551 1407 2993 2207 1740 1875 4508 2453 4795 2527 4419 4754 4848 2326 711 4575 541 1762
编号:938--> 4073 781 2700 609 4997 1842 4306 2061 3961 1556 4585 1864 1440 4562 3221 3382 2458 4077 210 1754 581 4455 2010 2194
编号:991--> 787 341 3318 458 421 2426 1596 3414 842 732 524 2463 84 4184 3788 1818 3107 432 3499 3315 2851 2549 4479 2901 2751
编号:1377--> 2346 776 618 3572 209 612 1718 1466 4223 29 532 1694 2729 794 2224 589 565 3757 4278 3830 4320 2259 3269 3470 2125
编号:1826--> 725 3383 2989 4034 1570 3820 2331 4423 2650 292 4675 1747 1157 531 966 2251 2028 114 146 1077 739 420 567 3622 1876
编号:2749--> 1960 4350 762 2467 3822 3282 2556 2068 27 2919 4952 313 2309 4662 2237 227 4169 3320 934 2733 4565 4324 1174 3087
编号:3580--> 1061 3706 3342 90 1059 961 2197 2818 1106 2958 821 3413 2893 2460 2349 3666 1381 3987 2211 1176 1401 3658 998 1950 3743
编号:3584--> 3941 4486 4363 4327 80 2045 3855 153 4947 4374 3514 3238 1500 2234 3131 744 2313 2303 277 2132 2084 3694 1527 4960
编号:3798--> 2082 3719 1579 3451 4761 2206 512 3645 3036 1146 143 2522 1943 4209 4241 4636 1177 3030 2190 1977 653 1585 57 1649 4070
编号:3904--> 2021 2861 3485 1508 47 4690 2456 801 263 38 2784 591 1082 1973 1007 482 2032 2620 4596 4343 4411 4175 4978 2027 2727
编号:4508--> 910 4847 603 1339 1009 2034 4130 4361 3679 875 2417 303 1817 1058 3117 863 1192 3312 4605 2836 2230 1866 1577 3293 3478
编号:124--> 1631 3103 3302 2384 104 540 4555 4463 1751 1316 529 3252 3823 2504 2437 2769 2771 4480 419 680 393 342 2750
编号:935--> 3638 1493 2594 2646 41 2965 4232 4294 2042 3554 4656 4228 105 3337 2372 4164 2102 3163 989 2532 2643 3341 1412 3858
编号:952--> 2138 2074 4533 1455 4682 269 4136 1978 454 259 3035 4915 631 578 1162 833 514 4300 435 2501 1951 2631 2444 2835 1947
编号:1727--> 2124 3978 3862 4691 4613 2498 3143 81 4298 2739 2669 3461 615 3833 2488 2584 2243 1776 1511 676 2723 2411 95 1499
编号:2276--> 2877 4453 3000 30 1765 2764 2325 4266 3384 3492 2585 2515 1856 1987 2009 3515 444 4686 1923 1980 2275 4491 139 402
编号:2402--> 3471 4995 891 3777 4732 4897 3455 958 2677 4448 130 659 2056 2844 4457 2860 2375 3365 2968 3878 650 1654 3552 4606
编号:3254--> 2468 480 4465 953 2990 4679 302 840 549 2094 1133 3908 1268 4956 846 2377 2991 351 1752 2424 2526 483 1984 4473 268
编号:3514--> 26 2847 2462 455 3913 3498 3183 904 4173 1062 3015 3300 600 2983 1681 2722 599 4894 2226 2413 2622 1294 3601
编号:3967--> 3911 3922 1416 3185 364 3749 1657 3251 4710 2461 3236 3307 3999 3579 1317 4769 1035 4449 3085 2156 1479 3986 2943 1282 3306
编号:4158--> 2627 4974 789 2005 4166 4236 713 3882 110 4235 4950 3024 3036 1595 1626 4023 1613 2611 4217 1126 2351 3982 4425 530 202
编号:4180--> 1665 4814 3909 2954 1474 1813 1354 3010 3854 1443 3847 4150 1425 3244 4851 2911 2418 1016 2410 506 2964 1685 3259 4482 1234
编号:4463--> 1283 1251 3493 4447 2385 261 2813 291 1841 1709 2779 428 69 4406 1808 4742 4335 966 4830 3403 316 4570 1893 1252 520
编号:4713--> 873 2367 3222 412 3278 4186 1392 4843 373 3104 1394 4121 3650 2059 4171 2089 221 127 2139 2930 888 4391 2768 3076
编号:502--> 3971 2358 3860 4841 2101 3885 1801 2654 1413 3868 2926 4573 1409 2737 1318 189 1463 2098 1749 2428 1612 4358
编号:992--> 4689 14 1739 285 4854 2158 3814 1054 1026 3464 4284 1130 907 1736 2310 3665 3879 1245 3380 3339 395 2832 105 657 2210
编号:1859--> 3056 136 2867 4249 2079 4899 3865 1052 3522 2360 2202 767 1482 539 2334 2002 2699 4958 4396 544 3128 639 3963 1647
编号:2169--> 396 1014 447 922 2925 2340 2706 1454 1590 3736 4008 4945 3133 564 388 2830 4159 406 271 3153 3884 4047 4264 235 2632
编号:2216--> 2884 4535 419 4439 4338 2188 3876 3610 3964 4490 1388 4913 3518 968 1788 4717 3395 4278 2448 1417 4345 144 24 267 3349
编号:3152--> 1837 1148 2543 4415 1559 162 1682 4344 2874 334 4790 1860 3611 2415 2011 1236 74 3615 4041 3458 1907 3148 3770 2732
编号:3918--> 995 2445 3051 3940 780 1526 2574 526 2617 870 3923 3340 2978 4577 3784 3632 2019 2667 4040 2975 2689 3856 176 3819 1387
编号:3970--> 1805 1835 414 4459 1654 4567 509 2057 2480 691 715 117 2239 212 3023 2363 3564 2113 3254 3241 4021 3422 1746
编号:840--> 2204 1122 667 2633 1381 1568 3394 2144 4525 3224 4098 1461 3018 2581 824 3174 2909 4935 1363 3466 1041 3908 2471 115
编号:982--> 4489 1219 4189 2779 2366 1757 2092 664 4285 1970 4869 4451 2604 672 2278 4446 4711 1198 1261 3196 3798 4219 3108 944
编号:1024--> 553 307 1048 4794 702 792 1039 3367 821 4434 2862 2932 1934 2900 1221 4534 2106 205 2082 3495 3836 2337 1306 3144 1629
编号:2367--> 71 2799 508 225 2917 3488 2402 1517 968 4572 2323 4332 2140 4009 15 3976 3490 1422 3136 4423 4185 4207 676 327 3948
编号:3077--> 4325 986 592 4326 3545 2286 3883 385 1350 2615 839 3506 775 340 3936 2414 3982 2868 4827 4940 4400 1257 497
编号:3496--> 120 4177 3652 4109 4554 3272 250 1906 4192 2353 2474 2675 915 3449 2076 1673 332 1078 3447 2048 4623
编号:3907--> 4518 150 4868 2665 1052 2707 3555 2129 3154 4877 3586 3337 1870 3614 232 1730 3748 3281 4660 4191 3728 2857 1845 3914 1781
编号:3962--> 4900 3670 1628 769 4211 346 783 2449 4359 2473 3131 1892 3063 1539 140 3708 4917 4961 1490 751 2290 2299
编号:4153--> 3753 1854 155 3901 2542 2929 2597 312 1028 4007 4771 2013 4094 1445 1147 3674 1293 2521 38 2928 4155 2172 3469 3891 1694
编号:4602--> 867 1519 3818 822 466 2995 341 3907 3979 1587 1595 1785 4108 425 1552 3231 1135 909 4409 3556 4038 4807 1469 3352
编号:106--> 3918 568 3049 3660 62 4842 876 1247 1913 4693 107 2388 4313 161 2231 3199 1772 494 4324 3006 1826 2177
编号:309--> 2969 2797 3831 2344 652 2203 228 668 1355 145 404 2974 2082 3623 2074 3937 752 2691 19 940 1865 310 2558 749 1648
编号:594--> 2306 3654 2532 3755 1569 4299 4890 4586 3696 4101 2288 1091 3850 3578 2195 4840 4859 3068 3487 3389 977 1596 4709
编号:1048--> 3902 964 1089 2567 2613 773 1283 2555 3754 3644 1093 2029 2563 348 2279 4450 3787 2533 1956 3551 2791 1443 2807 2755
编号:1120--> 2759 3838 290 4773 3767 1859 4367 3071 1530 2164 1152 2955 1655 1685 1893 2043 1371 4946 1073 4942 2775 3949
编号:1284--> 2423 3176 1442 3116 4677 4246 224 4156 331 748 2355 343 1367 834 3229 754 4925 490 2681 129 4723 1359 4985
编号:1339--> 4793 2711 1164 1219 2088 511 21 4871 3526 451 4033 4776 4939 2219 1989 2611 830 1796 3559 1040 2603 2602 4819 4085 3332
编号:2385--> 3072 98 1669 2818 3813 924 2605 1342 1074 1638 89 932 1364 469 4505 322 2525 578 1127 1832 3341 1633 4346 413
编号:3234--> 1529 4068 2900 286 131 4114 745 2180 1534 4237 414 3428 2907 2831 2442 2024 1739 1891 4201 2386 2130 2997 1498 4991 3438
编号:3500--> 3315 4563 2740 3445 1732 46 1843 4544 2917 1262 2737 1386 1178 1404 207 2498 2006 4289 2511 4052 2149 3390 2099 3741 2103
编号:3654--> 4615 2250 405 2894 4976 174 710 1899 1931 4593 529 695 1656 82 475 4519 2752 3262 108 4707 1600 61 915 2536 94
编号:4073--> 1846 2173 2948 886 4321 2464 3745 4280 648 4208 4134 588 1764 4064 2394 1271 946 1926 1012 1405 975 4952 4910 2620
编号:4331--> 559 1121 2766 1683 1560 3298 3032 3620 2314 1565 4050 1439 2717 938 4831 573 3183 4016 4072 154 4642 4353 2396 1391
编号:152--> 3258 4404 2281 3739 1927 3864 2059 978 3496 3810 2031 1660 2942 4214 128 3915 968 3878 4319 1076 1513 220 4741 1616
编号:196--> 2713 2131 34 4630 2081 3776 3325 4539 1360 102 4809 1229 352 4855 2889 367 1632 1072 4176 1075 4596 2676 4873 3941
编号:300--> 2876 2790 3415 4260 666 518 4382 2339 3276 2178 540 1172 4849 2412 2201 2956 1110 2601 1201 1243
编号:1080--> 2670 756 3294 2186 1376 637 4834 2944 4785 2630 1831 3613 885 76 3887 1866 2454 2912 4473 2350 4542 345 2401 4039 360
编号:1559--> 3799 97 1408 3211 3003 1195 4754 902 1661 2769 4704 49 2634 348 883 861 669 1419 2672 755 2105 4182 3393 847
编号:2328--> 3619 1194 3561 3476 3368 4276 2220 3436 2981 125 4307 2026 846 851 1432 2088 3868 3185 1241 1540 4060 3288 561 2588
编号:3712--> 3573 4735 3876 3965 3380 4786 4323 4526 2762 2747 3562 3272 523 3442 4969 4626 480 1968 401 4010 3308 422 1415 1615 3527
编号:3719--> 2591 168 133 1120 2139 3742 3586 4998 4093 2647 1809 983 2924 3149 4494 1332 971 2851 3995 3008 701 3558 169 3778 83
编号:3816--> 1031 4486 3388 20 4340 4584 700 690 3311 4364 4832 4997 1528 1266 3913 2505 3421 4719 2825 2126 2910 952 3026 2207
编号:3870--> 2671 2853 962 1672 2571 1903 3596 238 1723 2507 4269 4992 4209 3656 2741 4636 2040 2292 4798 2337 4352 1928 1686 2595
编号:4217--> 2148 1267 317 3180 3716 1156 4457 2516 2391 2320 298 2431 2298 4196 4758 3695 399 991 4179 1022 1360 3140 2276 2870 2379
编号:4609--> 4133 1759 3690 583 3849 2611 4312 3296 4028 4018 4508 584 1256 3943 2610 3122 1594 4985 3677 2715 4173 1989 3475 811 1080
编号:241--> 621 4431 4891 2513 3585 192 2560 2445 147 4084 2546 4848 224 2472 4417 2097 3852 3056 3953 4246 2052 109 1900
编号:296--> 3955 1930 2484 3503 865 3994 2988 2877 4429 632 4310 65 1349 4281 3546 1396 1689 2334 2275 4517 2602 771
编号:984--> 1659 4336 1066 3898 3233 4447 4662 4924 92 2018 4489 911 4397 3002 3764 831 1561 2685 1719 746 4695 2641 291 4698 2667
编号:1217--> 2251 1848 4083 981 1393 957 785 1655 1397 1 3413 2134 1720 1909 4729 2856 928 4051 3727 467 4898 4458 4141 4716 4345
编号:1272--> 899 1688 1237 433 4835 2720 247 3717 1124 3956 2931 2256 4894 1660 1830 1398 2760 2621 363 2125 560 4335 177
编号:1965--> 2093 100 1891 3474 4875 1833 4752 3009 2676 2438 2554 3649 3088 2581 493 991 408 437 4549 2725 2055 3642 5
编号:4204--> 4806 2370 240 3674 4110 2896 4502 3833 2467 389 1472 2869 1663 2069 4207 1693 231 2621 3203 916 4478 1103 4467 4329 447
编号:94--> 257 84 3764 3692 1109 4142 3834 2545 705 440 729 4943 4189 1544 4772 4410 2300 2301 4743 4722 4109 1939 2199
编号:351--> 427 1060 2343 4578 2479 2385 4815 2566 2915 3526 4414 151 4239 1974 4614 4618 60 2310 2664 4759 3144 1468 3880 3926 80
编号:569--> 1563 2364 3471 4257 631 445 2400 4050 3970 4163 110 1571 1294 3688 1151 1925 4765 624 1754 3263 4461 173 44 3378
编号:857--> 3473 2814 2374 4624 4945 3396 3745 2175 4490 3411 2150 3580 3890 1136 4737 3400 293 4675 2804 3044 2025 4168 1553 475 4432
编号:1597--> 3709 1002 339 4749 1222 912 2356 3848 3629 3021 325 1083 2628 2981 2983 2340 1567 1165 1643 4315 4420 1089 50 3976 4287
编号:2289--> 4838 1770 4658 4184 1226 2258 4637 3533 2162 1376 4794 4170 1490 2777 2373 4271 3846 198 3960 2957 4775 890 3454 2973 468
编号:2357--> 2287 258 3399 88 3841 3578 4944 4488 4631 874 4435 1838 4995 1356 1322 156 1649 723 2637 2686 1476
编号:3005--> 4119 1796 2521 953 4930 3494 1418 224 4779 4413 2795 4487 997 275 1400 3612 2677 3988 526 542 2371 2200 708 3815
编号:3196--> 4696 3080 3005 4760 1435 4492 2667 2397 2981 380 929 2090 3775 1992 4153 3334 1431 3422 1159 2967 4354 3510
编号:3482--> 2947 3481 706 903 4523 4454 1372 3613 2022 1079 2851 4121 943 1023 2262 3545 1120 2372 4931 2522 4362 3025 4678 4811
编号:4015--> 1786 1144 4216 3457 83 3450 4172 4852 4385 4173 3553 2659 4568 1976 333 4118 4863 2423 4687 1438 4542 3938 4052 1687 3575
编号:4640--> 347 4967 161 641 1631 3975 3053 4036 4495 3355 4237 2404 2662 2096 3235 3407 3387 4177 2502 2028 3210 4321 4438
编号:4767--> 4127 1902 758 2313 537 2164 738 820 1230 538 3200 1057 733 3132 972 4608 3682 530 343 1509 4067 1333 4277 4107 4217
编号:562--> 4829 1249 2981 3730 1630 1778 4619 2999 2541 1940 1337 4171 3287 1155 4879 677 84 403 2542 4267 4113 2318 463
编号:1599--> 163 3398 2610 2617 4556 859 1773 2245 144 3246 4822 4685 2124 1104 3333 529 1725 3212 1896 1464 2941
编号:1669--> 1802 1958 1112 3715 704 2353 1058 3253 3001 1690 619 1793 2892 1531 1879 1420 1027 2349 1647 282 4285 4874 927
编号:1893--> 1809 3973 1881 1712 2470 4381 3639 3126 1279 4814 1189 398 3581 1181 4790 1116 2724 2572 2268 873 71 189 2063
编号:1945--> 2972 4342 2561 1620 2598 2813 4118 1304 636 4766 3967 3301 1564 3832 3881 3036 2549 3022 3209 1851 1954 3949 2948 2443
编号:2980--> 4870 356 1203 3895 2744 2468 3014 1292 2658 226 4075 4980 3221 1225 4531 2188 4044 4500 989 1407 2693 3822 2524 3214
编号:3381--> 1505 1375 3713 1743 2752 1141 4573 905 114 3762 4746 2982 3020 3829 4303 3149 1243 35 1086 464 3198 4228 2578
编号:3426--> 2836 2228 4646 4988 989 2817 1204 1857 3725 3094 436 4341 4506 2336 2846 3821 4992 3669 2559 582 4078
编号:4326--> 89 2937 2278 1789 3913 102 848 779 11 1446 1084 288 1912 181 4071 3158 1834 3626 1696 605 4206 589
编号:4630--> 2479 3869 4858 6 3047 4684 3850 2923 4120 2325 3166 1360 1657 1668 1091 3058 4866 2057 813 2703 2260 3503 2788 3954 2951
编号:4742--> 2437 279 1705 131 4833 2342 3045 3670 2309 3738 288 443 3105 1921 2389 3095 1320 4959 4580 1276 402 4901 3177 2232 645
编号:119--> 1806 3710 643 3578 25 3178 4613 28 995 1068 4149 770 3098 303 4753 2989 3144 2361 809 3440 3416 4179 160
编号:221--> 2050 4567 3877 519 2144 2166 2046 1145 597 3797 202 2398 409 3062 2252 1718 2438 492 4514 3849 1399 3609 3066
编号:297--> 2322 720 2730 694 4784 4332 2419 4452 1804 4244 475 3275 3140 797 2159 3730 1100 4018 2347 162 4416 194 3739
编号:440--> 1213 3803 4811 883 4444 3718 3144 1299 4835 1253 3077 1931 2422 1694 3500 4135 722 39 3107 4731 1474 3346 1947 4755 2482
编号:572--> 98 926 448 2918 1955 244 2401 2465 3518 2611 868 4466 3042 3860 4613 4620 336 1512 4175 438 3563 4839 4143 3968 4782
编号:1033--> 4828 3549 802 1099 1440 1395 762 2523 1642 4391 1158 1087 2064 2300 1449 3921 1705 3123 4929 502 2062 433 4933 4278
编号:1067--> 4937 2495 3161 2709 2448 72 484 3773 978 3764 4829 595 2221 4104 906 2233 1646 1175 1901 576 4144 3591 4041
编号:1429--> 3401 1658 1794 971 1465 264 1622 2107 20 3724 3472 2176 211 4437 3104 1494 4410 2246 2103 2050 1033 1542
编号:1434--> 4083 4015 586 3264 2352 880 4323 663 3456 4376 632 2167 2667 2032 4837 3565 2358 4291 4154 309 4308
编号:1547--> 4890 4713 4971 3249 1274 4054 2729 563 1910 2518 2701 2914 456 320 3186 3602 2147 4823 1679 4419 4142
编号:1596--> 391 1748 3430 3399 3229 3083 1566 1812 3916 902 4872 4788 3905 1825 1498 1554 4695 1880 1574 2319 2640 1961 4970
编号:2302--> 218 857 259 1634 539 1911 447 4636 337 1200 4582 2854 1924 3751 1948 3043 4248 3853 3135 2682
编号:2656--> 117 4688 2756 929 441 651 3985 3211 447 1378 2832 715 2808 4366 31 1195 1329 3544 4972 2540 1060 3227 3604
编号:3574--> 875 3400 4489 4497 748 3716 1898 973 3601 1215 3356 191 2825 3508 473 3182 3328 3538 2248 4750 2962 4885 724 786
编号:4076--> 3678 4305 447 4436 88 487 4886 1860 4742 2420 4335 3917 3562 3571 4836 175 4928 3155 280 4224 1741
编号:4346--> 3528 983 799 951 236 1235 2331 2792 1500 2997 4718 827 2393 3522 2781 4074 3228 2432 937 878 3667 1605 4027 1182
编号:4546--> 3704 2217 4024 2954 4542 3697 3444 4385 3185 1309 3790 1908 4767 1984 3734 1800 1545 1447 54 1173 551
编号:541--> 1360 4158 3082 472 606 3379 1184 66 2406 1896 3224 3857 407 1539 4733 4313 957 4490 4401 2685 132 2485 941 3906
编号:622--> 4681 1441 2188 1467 853 3127 1506 4010 1305 561 4355 4059 4172 1650 2036 3920 1783 3937 3076 4715 4990 3582 3847
编号:830--> 3322 2277 93 1090 4608 190 2234 800 3344 4508 4252 274 3327 331 3839 2804 4460 4631 3181 4922 3593
编号:1083--> 712 4796 4345 2765 48 352 4826 1665 421 2012 4601 4281 3362 4659 1765 3737 3432 1376 4880 2118 2787 1265
编号:1578--> 4322 1675 2690 4943 2599 4616 2127 3701 1577 3969 4985 671 2804 4469 2215 2763 4540 3468 2320 4459 1956
编号:2673--> 1812 4215 1645 1347 4245 2515 2743 602 3217 2580 3010 3057 1931 3091 2149 430 2387 2150 1062 449 4000 1431 2293 843
编号:3862--> 4620 1366 381 2786 1020 493 3521 1416 1833 3038 1835 4268 2411 1083 2670 1944 3826 481 3429 1744 1667 1411 2226
编号:4171--> 2663 2719 1315 4673 4509 3647 3215 4799 808 3587 275 4666 276 31 1953 4954 625 1220 4569 3559 4528 3394 1749
编号:4818--> 4811 138 2619 183 4698 3173 740 1370 1480 4923 3654 1796 1171 3866 3822 1670 251 2366 4182 1973 1118 2591 2104 4032 3164
编号:4889--> 4554 2317 203 2047 2223 2201 4057 2675 1255 3237 1882 4983 2873 4202 453 3718 4038 4160 1666 1142 1024 2090
编号:4940--> 838 4205 4971 1335 2014 1421 2592 1849 2108 2903 300 4449 4072 4379 1287 3663 2547 1680 1724
编号:24--> 4699 3086 957 3335 4527 1939 1671 2702 2121 4198 4199 2945 1334 1812 2966 1978 3069 3550 1782 1112 2125 202 3307 1169
编号:147--> 2398 3172 4571 2635 4562 1762 2768 4259 1951 543 1240 14 179 2795 3952 1781 3822 2455 1738 4607 4076 3286
编号:642--> 2724 4098 4566 2489 1770 1096 1302 4686 4919 2477 504 2750 3918 535 2196 3818 2530 3645 2027 1346 4829 4005 196
编号:657--> 3927 3089 287 4093 2463 4052 1319 960 3642 942 2907 4086 113 3244 3833 4344 4953 1803 4263 789 4652 431 3219
编号:1146--> 2033 4745 1949 26 2533 417 1983 1180 427 3570 1430 2434 4952 1023 1815 4475 706 253 2768 3375 616 5000 1395 3202
编号:2180--> 450 3798 4126 2071 2238 2177 1236 341 830 4110 1373 1857 4212 950 4039 3644 1063 980 1700 841 1047 59 4810 3389
编号:3026--> 1239 3110 307 3872 738 2191 2085 206 1224 1514 3467 3975 3849 2838 2110 3497 1267 4287 4213 4979
编号:3039--> 276 2556 1250 2939 3118 3981 4687 4390 719 69 4079 2181 3347 791 4074 4395 4628 3005 3676 762 3179 534
编号:3093--> 1260 4639 3560 1512 4354 1174 3372 4865 1864 4089 1259 1195 1081 2605 1721 545 3686 1710 4631 1777 2098 2345 1193 1962
编号:3453--> 1423 199 2892 1271 628 3494 1702 3842 703 3452 2136 1899 4242 4247 4162 1554 362 2875 4453 4532 79 3317 3074 418
编号:4042--> 2199 4433 3591 3912 4479 4418 2376 327 1345 835 70 4190 418 4743 2774 514 1495 4581 2731 4561 4893
编号:4100--> 1886 4674 73 2229 35 2143 200 1264 1650 1591 1971 2744 34 2321 1072 3862 691 1722 4986 793 993 3509 3253 2522
编号:4687--> 350 2020 1202 3373 3668 2953 788 820 3933 3109 3961 1313 621 782 2468 3846 3657 3659 3806
编号:78--> 4917 2723 1505 1324 4864 2970 410 3796 3758 65 3549 3236 3932 1941 4361 2238 760 182 4442 3681 4304 1694 52 1286
编号:118--> 1875 3805 4764 1029 3756 3561 4099 2 2410 2019 2852 2154 4538 1486 4965 2724 3544 1701 731 312 4399 3807
编号:251--> 4649 1238 4406 4691 4882 4181 3184 1897 1555 610 1213 1253 4663 2923 4405 1348 2648 3530 4812
编号:531--> 3287 1790 4139 4744 4147 1040 3780 570 1991 4621 1044 4658 4321 4585 1399 1879 3363 4164 988 1008 708
编号:1105--> 3987 3021 4393 1301 3494 1455 4288 4468 1296 3774 2206 2925 338 2349 2129 862 2700 305 1344 2506 2555 3318 987 4227 379
编号:1368--> 1246 3972 4857 2315 1089 3111 2659 2553 2704 1997 2436 3543 1478 2119 3202 2259 709
编号:1492--> 4892 4729 4923 295 768 1608 3358 2823 2935 792 4550 1933 2012 1366 638 2499 1910 3410 2708 2974 4944 4536
编号:1823--> 394 3964 1002 930 619 506 75 96 2746 645 2598 2688 1056 3749 967 3814 1986 3060 4290 2908 4472 4827 2738
编号:1835--> 4706 3574 140 4760 4669 1524 3845 1637 3910 4332 1853 1144 2211 3810 2933 392 2116 1848 4331 4220 3128 775
编号:2053--> 2881 3987 2292 453 2751 3855 4881 4022 2093 4686 3114 108 188 2059 550 2568 2241 2539 3003 2737 3292 4625 294 4097 807
编号:2232--> 2486 4530 511 2607 2099 4133 214 3565 4194 4270 2616 2316 3643 3244 3466 4828 3394 3513 1481 3090 3541 2333 2477 1979 399
编号:2521--> 1028 4684 1969 1563 4364 2600 2749 4010 3283 2642 4208 2168 4896 3171 3167 3811 2318 4617 755 3115 265
编号:2806--> 2209 1148 2827 2805 341 4781 223 3889 1446 525 4692 4069 285 2152 2677 411 1366 2240 3899 3349 2540 3079
编号:2919--> 1028 2668 185 4412 2367 4043 557 4888 4691 1240 1199 2666 881 2880 828 2942 3695 3404 2310 762 4184 3517 1542
编号:3312--> 2924 1453 4176 215 745 1719 1060 4225 4879 2065 4025 2605 806 2421 1704 990 135 4052 4609 2611 673 485 935
编号:4710--> 1428 861 2242 4908 4102 2727 4218 3590 198 2653 4095 39 4368 2298 4869 4842 4818 1980 3240 1235 1365 4567 3626 4334
编号:98--> 3305 2020 3892 1992 2147 2849 390 1005 4595 1504 947 3238 4385 4697 1361 3059 2878 4460
编号:123--> 3875 375 254 4088 4351 1815 4734 654 1557 674 697 260 2225 2491 4160
编号:517--> 4187 313 123 921 323 841 1210 2185 1046 3472 1493 1101 2182 2362 2905 1197 4464 965 444 427 404 903 1817
编号:979--> 2800 708 3951 284 111 3436 1404 3842 1768 2843 1379 663 4254 2859 2300 3214 4686 4874 728 1456 4146 1132 276
编号:1193--> 91 208 4283 3552 2806 1588 1635 2985 3500 1593 2752 4080 852 1062 3148 1754 1576
编号:1648--> 1583 3516 1705 3162 4937 2328 3835 2494 2287 1236 51 1111 4012 1864 1103 1510 4800 4143 3702 4664 4511 481 303
编号:2271--> 4181 1039 1306 2579 4803 3559 2696 3119 765 2674 1998 4519 3769 3675 2396 2570 4945 4128 1291 2108 4889
编号:2596--> 2557 307 4586 25 2305 4256 1791 2033 2762 4548 538 4407 1520 930 2815 2210 1531 2824 2832 4651 4950 2205
编号:2813--> 2721 1577 3120 4307 3039 3607 1359 1887 3693 4504 1963 291 3536 3494 2675 3476 917 3735 3750 3617 1367 1423 1454 2877 4857
编号:3067--> 2625 970 2375 972 902 4791 3138 1082 2030 904 1863 355 2885 4078 924 3215 4714 38 2459 3001 2991 1150 4380 4147
编号:3207--> 4682 1852 3939 4103 1485 733 3237 577 2074 1232 968 4023 3492 4106 870 2435 2837 1351 1788 1903 4640 920 2112 322
编号:4098--> 3437 2311 4927 167 1265 4228 3669 4111 3861 924 4901 2051 656 1840 2114 1469 2336 893
编号:4540--> 1307 4466 1883 180 3733 2591 1958 2890 319 491 2198 2212 2337 3618 2230 2973 1727 2966 2236 2630 1480 32 347 90
编号:4675--> 3953 2886 2903 3851 2076 450 2850 3828 193 4301 4001 833 968 4868 3600 82 4579 1810 3737 2164 1734
编号:4870--> 627 600 549 4329 4910 217 3802 3065 3319 3916 1188 2888 3843 1142 3630 4392 3960 1017 1187 4453 2817 4844 2790 4493
编号:280--> 3793 501 3430 730 4491 736 933 2219 2715 3610 1268 4055 108 1098 4287 660 515 2085 4858 1752 3540 2452
编号:473--> 2778 2783 4769 2894 1858 1787 1753 4176 1905 1199 820 3302 2300 2377 2686 2562 3804 2254 611 2016 2621 4722 3359 2713 2942
编号:501--> 3048 1673 4946 3871 4289 305 2559 4014 1516 301 1795 2332 3794 19 187 1081 1848 142 3381 1506 4522 2109
编号:535--> 3471 3008 3661 4306 1157 3209 783 880 269 798 1769 2350 3274 2987 658 795 312 2012 3041 3659 4148 1010 2498 3150
编号:786--> 220 4634 1306 2146 4118 4866 677 4815 3 4453 1615 3532 4700 4006 805 2437 527 3598 171 19 3506 2673 3572 2580 4235
编号:1776--> 1873 17 2517 4300 4478 2078 1443 2323 872 45 4850 1288 1104 2266 4206 3635
编号:1906--> 2733 2567 1723 2858 4604 4421 4058 4547 817 2741 3753 369 364 3399 4973 4339 3426 4492 1176 589 1042 2527
编号:1924--> 3470 2066 2050 823 118 4890 546 2997 1606 1403 3838 4091 4036 3674 1539 607 1316 3137 1939 4506 4217 2077 723 4222 2623
编号:2446--> 400 1964 1726 1600 1304 2017 985 20 4826 2849 3724 3476 1215 1706 1548 2007 3722 2839 942 4824 2430
编号:2485--> 3623 1617 3102 2 617 1736 4481 4012 4170 3361 1339 271 104 1368 3073 2268 3291 4648 4779 4907 3272 4900 158 3326 3751
编号:2636--> 4307 3175 4487 4525 4323 2272 4569 3035 376 29 1811 704 381 459 2439 3201 4282 3974 2840 825 3687 2939
编号:2731--> 592 3710 1868 1376 2039 1728 2341 4214 2571 4529 3521 2913 4225 3309 162 2788 357 718 1061 4200 4842 989 3250 409 832
编号:3038--> 3581 2675 1681 4002 4610 4383 326 2423 56 1370 4784 581 4255 3945 3700 4020 2193 1522 4151 804 3420
编号:3121--> 2631 4855 939 629 2836 685 2093 2913 3424 2904 1738 558 388 1996 3058 4904 4905 3332 2030 2832 4987
编号:3128--> 1956 3114 2782 461 4028 3260 4580 273 2047 3027 4982 2171 4916 754 2318 3082 2785 2926 1745 586 2934 1580 1081 3247
编号:3598--> 919 2506 1800 4337 2975 3259 3653 4795 4349 4286 2964 392 2472 753 4456 3749 4445 4612 2429 1573 1567 908 3353
编号:3609--> 1406 4228 156 2324 1218 164 4066 2806 1713 1036 3055 1915 1610 1078 2496 1229 8 4490 3244 4135
编号:3727--> 2497 183 2524 3863 678 3409 2097 1088 3472 2980 1569 3773 522 2920 1736 2071 3165 1246 1820
编号:3784--> 1236 3610 4474 4921 4118 3020 2219 2600 882 4029 3966 2609 141 2549 2422 2235 75 2195 3989 3742 4318 3947 1134 4056
编号:4185--> 2655 4132 1110 846 1297 4743 688 3881 1525 4691 2879 543 279 3386 4984 915 1001 1836 2895 1799 616 1004
编号:22--> 267 3660 4520 2181 712 4805 3801 524 368 304 2338 879 396 2907 3414 4736 2216 2793 2459 3984 1341
编号:426--> 2769 4689 3034 4343 1530 3188 941 4487 4447 2802 161 3075 916 4858 2985 3060 377 1619 3684 1602 4653 958 998
编号:589--> 1389 818 2398 2540 4364 4442 1172 952 1471 4003 4975 2784 3689 837 3476 2548 4776 3029 3721 4769 2898 2045 1344 289
编号:870--> 4236 1541 2544 4440 1729 2399 2950 2692 3675 3135 1362 2776 2610 147 1951 128 1174 1950 746 3933 1890 3664
编号:924--> 4543 2748 3539 2275 3903 2615 3461 1483 4038 4968 2208 1509 1026 2751 1604 162 3640 4259 2938 677 3554 3501 1788
编号:1041--> 1937 2128 4082 2452 2913 123 1655 2192 3770 2591 1069 3031 458 1988 2447 4122
编号:1425--> 3821 2921 762 4566 1886 4948 4357 854 1043 2687 1951 2247 2579 3671 1695 3625 294 2229 1390
编号:1433--> 3616 2121 2608 4316 3731 76 3523 4951 1929 2501 890 2200 4858 2988 3097 992 3405
编号:1508--> 562 1866 1153 4169 1361 865 4338 1430 498 408 4527 1532 3226 761 73 2907 3333 3223 2706 1385 3190 2321 18 3765
编号:1774--> 2601 213 1008 4042 1538 4732 1741 1884 4423 1445 2593 965 2551 2534 1006 4699 1763 3819 4756 2079 135 2689
编号:2533--> 2767 684 1941 1276 420 302 3106 1737 4923 3316 2245 2937 408 1762 3313 778 1816 1635 4778 567 383 602 1742
编号:2712--> 777 4499 1366 4811 3566 344 4888 2135 1620 4254 1095 372 665 3214 3177 4502 4641
编号:2828--> 3125 1059 1473 707 3913 2907 89 3497 1598 734 4229 991 1758 1772 1255 4746 2162 1788 1314 2875 4481 371 3557
编号:3172--> 3116 3303 993 4629 3142 4820 3346 2817 2313 1694 1589 4587 1107 2415 3284 1720 719 4273 2393 4178 3371 3389 4463 2267 3347
编号:3270--> 2533 3465 2451 1550 4073 154 982 1529 3935 2967 4808 1049 2968 1814 1558 299 4049 161 3719 3889
编号:3311--> 897 1718 2023 3184 1782 4382 1269 4667 3033 759 1030 689 1525 1265 1830 956 830 3488 4678 3833 4535 2788 4026 4795
编号:3339--> 2601 4388 1458 1039 1592 722 1018 2839 124 568 3686 3508 1032 1450 3488 384 732 180 3690 719 225 3916 3864 7
编号:3397--> 4932 1539 3315 1388 4930 1183 948 3471 4063 2072 4805 3865 4261 2813 814 2303 3548 2621 283 922 2927 4743 1551
编号:3682--> 2586 1876 3205 3480 3983 2638 1115 1474 4464 2690 2621 2754 2757 3733 3162 2716 1561
编号:3690--> 233 3343 1453 2574 3937 3159 1622 463 13 1160 3428 3227 2752 126 1315 927 4123 3699 2230 4610 3675 2462 2095 2596
编号:81--> 3512 4771 634 3990 1139 4952 3987 2138 1994 3391 4232 4668 4652 1097 3524 2323 3266
编号:315--> 4176 4158 2645 4046 4418 4124 2123 4427 1882 4412 2694 855 1463 2190 1137 2669 119
编号:511--> 4065 2209 4386 4343 2460 1540 4371 4961 4293 3615 2476 3347 3067 3519 1723 2241 2789 1851
编号:809--> 2062 2712 1974 3572 4225 3602 4276 1973 810 4710 2164 3531 986 4609 972 3460 623 4891 3893 1309 2529 245 3295
编号:931--> 3475 3104 725 1156 669 4512 2268 1446 4657 737 354 4141 2073 1428 370 177 327 3216 4968 1102 1064 1992
编号:1106--> 1015 1715 2799 3604 489 239 4821 4554 4708 705 903 1021 4878 160 796 882 3364 2238
编号:1275--> 2644 1902 1128 4493 3120 197 1851 3183 2864 1381 4560 4097 3837 2348 4853 184 2598 3037 139 84
编号:1373--> 2213 4298 3446 3630 2755 3011 4533 66 1227 895 1912 1878 2385 1707 179 4274 4250 1105 2416 4839 189 4565 394
编号:1531--> 4816 633 3552 2774 262 2910 444 1125 3916 945 438 1022 3864 1174 4219 2841 2567 3800 1460 2240 4926 679
编号:2170--> 4360 4826 101 4450 2378 2521 1222 171 3873 2335 1703 4988 917 3558 608 2511 4669 3594 1136 2820 3544 3795 3574 2712
编号:2802--> 685 3743 4839 2770 2582 517 1865 1331 3756 2157 272 4680 3849 4609 2764 1618 1212
编号:2931--> 2323 3264 698 3746 3170 3092 1781 2960 3435 1954 3876 4577 2176 1488 3268 4652 1190 1050
编号:3111--> 2163 2758 4844 1935 4588 1827 1821 883 4292 3708 1514 2636 4015 2823 3713 575
编号:3138--> 2174 1284 4724 2049 1375 2925 444 845 989 2740 2618 598 2437 1192 3713 4214 1595 4531 4582 2165 1705 4875 3746 4152 262
编号:3286--> 2228 3115 3515 3307 3184 1391 1382 4333 4459 1026 2538 4103 78 1189 3155 397 2631 3660 4330 580 644 4428 569
编号:3360--> 1652 416 2407 965 3971 324 2284 3179 1755 3704 3602 2367 1954 120 2475 3087 4937 2331 1093 130 3973 1640 4084 1231
编号:3997--> 222 2296 2359 4005 3373 193 3402 536 3834 1544 4959 2589 177 1232 2601 3890 176 2260 1263 4221 252 1174 135 4100
编号:4199--> 2327 3825 4354 1698 767 3618 4743 3059 1224 1306 878 1917 4672 1999 2383 2269 2790 388 103 1904
编号:4312--> 3910 974 2333 1037 2709 4651 905 4546 1007 2822 3606 1327 476 1402 4715 484 3070 637 2917
编号:4340--> 686 4489 2630 576 941 1089 301 2736 3771 3130 4490 3489 66 2544 1786 2998 1836 2552 2035 798
编号:4835--> 1273 3649 4296 1446 4541 3775 14 4906 1115 3158 2155 622 1789 931 3824 4858 504 2457 1883 2808
编号:156--> 2353 214 4970 3356 3843 1722 1176 3482 4117 2240 1487 1055 1987 4876 1126 4730 2941 531 1355 1982 4457 3625 4603 2722
编号:524--> 3729 3110 2785 1292 1748 3980 3704 901 2151 1611 405 2024 2067 3833 1409 2873 2907 2390 2520 4948 3044
编号:706--> 3831 2294 4472 2291 2981 3853 2164 3189 1371 1817 2547 1845 3608 3343 2816 2627 773 97 437 1990 2721 2809 271
编号:749--> 3128 746 4647 2813 2008 2285 3036 1806 2883 2705 3038 2918 1104 4327 4406 2990 4531 1603 4073 4668 3234 2481 2331 247 1953
编号:993--> 1201 3072 3326 3605 3602 1496 1366 3065 1771 3074 1891 2222 1661 4817 3248 417 509 4800 3207 415
编号:1198--> 1247 1996 3423 4577 793 1336 4308 1109 4276 387 3664 1258 4726 582 4123 2355 2033 1312 53 4157 1572 234
编号:1234--> 3132 1936 4175 3377 2347 752 483 3344 3526 1168 1362 915 4399 4748 2967 3707 3356 1180 3105 3242 4297 3940 103 3332 353
编号:1647--> 592 1938 4214 1204 1170 1676 612 4484 3149 764 4014 257 2677 494 4311 194 103 3319 2637 4131 1512 4069
编号:1913--> 4786 2307 1410 840 1298 704 1704 1330 3223 4140 3121 662 4860
编号:2011--> 1563 1435 2215 4192 1343 10 4611 800 4341 4121 1705 3505 3924 1285 9 1663 2848 3687 1575 4813
编号:2151--> 2937 930 4661 4498 1084 122 892 4460 2750 237 273 2659 230 373 83 2684 3569 2169 3293 3939
编号:2404--> 1914 3667 4279 1744 4555 356 3613 3319 1381 1082 2559 3949 2593 3016 863 993 889 1575 4095 4233 4039 1920 798 4747
编号:2490--> 3782 2238 3773 4802 1686 1839 1716 1356 1129 4427 2367 1311 3337 4370 461 2898 288 4338
编号:2701--> 4339 2811 4573 1380 1865 4907 1123 4537 1579 3779 3154 4717 4784 2212 4809 1693 2693 4664 1552 3151 2161 1738 4854
编号:3052--> 405 2332 3103 4790 1228 4788 2993 2111 4516 4794 2654 3200 4671 1757 4030 1828 3877 1462
编号:3203--> 701 1823 1470 4012 4174 2547 2996 2580 1656 4244 4406 778 2678 748 3404 3492 159 3630 561 909 3443 2400 4120
编号:3429--> 3899 1345 626 2966 1942 530 4571 2427 4410 2141 2636 313 4172 3718 1491 4992 1019 4506 4958 4655 2670 4197 3831 1523 743
编号:3433--> 3002 3197 1417 2374 3687 939 597 3112 766 2881 2920 4054 4243 4819 801 4705 2218 3529 3893 2133 4633
编号:3502--> 2727 875 2582 3827 424 116 3909 614 3929 2189 4083 533 552 4021 703
编号:3591--> 3412 148 4848 1845 4988 2735 2612 4529 3097 2616 1014 2713 1059 3623 2255 1003 2652 2683 2041 181
编号:4147--> 3378 923 4594 799 1804 3183 2263 378 761 1138 3675 2880 1600 2069 3724 4188 1502 1198 22 3253 3430
编号:4489--> 507 139 3937 1684 2622 4531 4897 3785 342 2061 4112 3299 4253 4149 3130 1993 3739 2571 1248 3914 1584
编号:4545--> 2398 1092 3434 2138 1011 1460 4089 4108 1810 3632 67 3843 1872 1500 4367 298 4007 1251 1282 3511 1807 444 2131
编号:4594--> 3915 1932 1196 4272 2797 3126 4222 3049 2230 3703 2091 1099 747 1310 2780 2626
编号:96--> 1792 288 2924 612 1535 4435 4632 4955 2611 3449 991 75 4941 3880 3834 4186 1354 2113 681 1392 3799 594 641 1879 3036
编号:164--> 1440 2951 4258 3896 4291 96 4751 2128 3815 2783 646 3323 3869 137 3583 54 572 1367 1251
编号:332--> 883 4853 670 2334 3380 1126 413 191 2173 296 877 4619 2126 3487 4474 784 2550 1560 1997 1283 3526 4712 3497 4222
编号:395--> 583 1201 3952 2397 927 3264 2094 568 3512 1433 1486 2463 3878 1085 2000 4735 243 2649 15 4477 427
编号:432--> 650 2594 2289 4682 3152 3241 195 3905 2 2739 1419 978 2732 1601 2121 3618 2444 4316 1760 3957 3283 2490 1894
编号:509--> 2470 111 4446 1699 3504 4004 1257 4568 2053 4275 109 3080 3493 4153 2295 2751 4114 1218 3928 811 2447
编号:910--> 1180 902 3160 2805 2201 3277 1785 3958 568 3099 2766 3418 785 3798 3194 4803 956 448
编号:1087--> 3069 2354 3805 1448 255 1644 3822 2845 4199 4659 1131 1952 2682 2661 3098 1045 2688 4494
编号:1143--> 481 1184 2654 3211 719 1821 229 829 1922 2992 894 1157 4969 515 3474 4085 914 4865 332 1438 4550 2183 1111
编号:1260--> 4302 157 2936 4228 802 2397 3948 1179 521 3417 3163
编号:1300--> 528 2666 962 2249 4165 4938 4623 3491 1333 480 2302 812 883 3502 498 666 2292 2232 4028 3436 1737
编号:1472--> 3555 3992 4915 3871 3711 3972 170 502 76 1398 1268 4922 3474 1447 972 4643 3345 3962 4598 239 1153 1457
编号:1698--> 4409 3505 4571 3108 4149 2882 456 4838 3064 3670 1497 1438 4914 3338 3768 640 1125 925 4613 2178 4252
编号:1980--> 4262 4982 896 4022 1518 3758 2315 244 3689 650 2425 3370 1064 4936 4045 1037 2866
编号:2057--> 1945 1083 4083 362 2308 2893 3636 3960 1374 1694 4558 4690 2981 864 364 153 2087 1211 2833
编号:2091--> 4405 2854 287 634 4451 2786 1674 2836 1863 639 4193 1000 3864 1507 3344 3712 869 3308 2080 82 2895 1725 995
编号:2253--> 3748 1978 1863 1566 4970 2329 3906 3115 4725 4218 307 3319 839 2306 2158 3644 216 1015 4401 4999 3792 4471
编号:2473--> 108 3241 791 3872 500 4801 4716 1497 1277 726 2901 4148 4589 1059 2583 4247 752
编号:2756--> 4854 1233 3534 4501 3082 247 1607 4364 4740 3700 696 398 848 4895
编号:2789--> 693 1494 1803 4105 2725 4319 4064 1937 2745 1974 3728 2392 4420 4841 4861 1215 386 3433 549 661 4124 4729 1137 4875 288
编号:3047--> 4627 3777 1315 2577 749 2441 2005 3462 1839 305 366 1865 3577 212 4963 4947 4800 508 915 1252 2638 3108 3536 3647
编号:3248--> 3517 582 4373 3483 612 4830 3552 3068 4602 1411 1147 1417 341 1349 4219 483 4884 4412 4718 2947 139 1082 106 4599 4700
编号:3450--> 1889 3013 3256 2103 793 3936 3550 1653 1571 1613 576 2783 2508 2014 3605 4418 1664 451 2196 3964 1104
编号:4328--> 240 3798 2616 801 2779 4180 3937 3627 2683 2984 2266 3542 799 3400 4138 738 382 1456 2021
编号:74--> 3664 3998 3390 2700 941 1396 1817 579 1977 1753 2500 1566 2680 739 2239 2418 4426 3984 4774 846 4639 3986 1046 3894 126
编号:134--> 4739 1295 2871 4323 2163 1887 4726 3803 3897 735 2408 1008 997 2849 3978
编号:237--> 353 3979 4325 2621 4304 166 2037 4073 271 54 3552 3049 3900 3871 996 1865 2097 282 835 462 4815 2952 2079 2854
编号:290--> 3366 4250 1024 3687 3050 3394 1801 37 4522 820 1470 4702 2535 3747 678 2300 83 2563
编号:607--> 1511 2171 4145 2795 2493 712 3893 1655 4605 1396 3431 1887 4396 4851 898 3214 2653 2389 2226 1398 1280 1424 2184 4030 4591
编号:696--> 2185 2024 1975 1354 1363 2708 2862 1253 4378 4986 1108 2365 564 3454 882 204 2692 19 3662 2926
编号:756--> 1143 3490 4907 3458 3419 1300 1441 1463 4354 4866 3243 1942 1489 4684 4380 1755
编号:825--> 3208 4163 3492 4579 651 4062 3959 3901 4901 2791 3327 2549 915 4324 4687 2244 1427 3590 3783 511
编号:1126--> 1244 1287 2687 947 3498 3984 1950 1325 4916 2767 1110 1077 3704 2087 4885 4151 3881 4562 4845 149 2828 2283 2116
编号:1202--> 4612 1850 256 2245 3152 3948 3477 178 1571 1210 1206 4896 3626 2105 3531 2834 733 262 3581
编号:1322--> 649 2573 35 2648 3008 3374 441 3664 4354 2959 2206 335 605 2717 991 352
编号:1390--> 2067 899 2829 3342 2628 4245 3714 2387 3979 2595 2730 3603 1407 3291 3704 4538 4904 3321 3463 2545 3474 2692 1151 3822
编号:1401--> 1214 833 4157 510 2014 1185 219 1711 1908 3319 1409 697 3253 2403 620 3073
编号:1519--> 1900 1869 329 1965 3740 4072 1372 4063 669 815 3388
编号:1552--> 1631 4008 3503 4790 3679 3010 3257 4282 3439 1950 1411 2311 1144 1383 2804 3204 13 2253 2760 2011
编号:1593--> 1633 192 340 4996 447 954 585 4832 587 1810 718 4387 3493
编号:1876--> 249 3206 4345 3569 2509 4893 2158 2752 2469 4070 3919 2394 3181 1499 4814 3025 1525 527
编号:2355--> 3584 3223 2986 2015 1670 2632 4768 1792 3616 2273 1622 1459 2788
编号:2708--> 2020 3447 4055 3332 4238 3765 3035 2347 3425 4648 4071 554 1553 1560 605 4635 2085 2070 3660 1669 332 3716 1094
编号:2765--> 2292 711 3843 1981 4576 4430 618 3599 1909 3382 3267 4975 4364 1036
编号:2886--> 2813 1572 1763 2270 604 3458 3614 2753 143 2182 3775 4997 800 1885 658 2004 1253 2404 2787
编号:3108--> 2185 4559 4779 4552 4511 4512 4039 2656 4451 4655 3523 4372 2214 2526 2565 445 3713 4137 863
编号:3194--> 46 861 2487 315 3408 2864 3299 1017 4448 3920 3210 3294 1208 4644 3020 1991 4791
编号:3484--> 4046 369 2811 1888 3232 2981 1836 4182 3631 837 3420 2759 470 1719 1708 4225 3921 4570 2470
编号:3601--> 2840 3993 3497 4551 50 4015 1200 2930 477 381 1451 4124 1296 4414 4333 684 1539 822 1860 3115 2145 1601 887 4274 4705
编号:3643--> 1435 969 2481 1119 687 3150 4827 1622 4506 1275 4809 1492 867 3666 3648 20
编号:3688--> 3595 4417 3925 244 3884 4858 2249 3113 1676 2402 3588 2442 2801 1833 4924 3784 3515 1471 2071 1688 4127 1086 2078 1520
编号:3781--> 2370 1286 1697 1219 2505 3213 3476 1212 2256 2554 326 4632 3870 4463 1162 2887 56 1618 3354 1635 2800 2430 4031
编号:3855--> 4645 1298 3046 3260 2972 1624 980 2316 4285 3545 739 1639 4484 894 845 1098 438 4214 1 2663 1272 1225 1481 3690
编号:4064--> 1731 1177 236 4858 3314 1581 1140 1615 4882 193 1700 4611 4424 4239 2299 3798 1130 3185 285 3888 6 4911 2798 2138
编号:4232--> 3931 4869 1382 3789 3677 1678 508 3718 482 4924 610 1587 3311 59 1414 465 1970 38 3197 1052 2472 224 4190
编号:4245--> 3239 3215 2891 1589 590 2799 2575 1118 4783 3873
编号:4832--> 1302 3564 3328 2700 180 3513 714 2220 4325 2354 2136 1980 4590 1135 1855 3045 4638 2842 2297 4238 4770
编号:4893--> 2217 2903 2493 4496 4795 2235 2703 4627 2712 1790 3245 3979 452 1318 1685 2512 4356
编号:0--> 1706 201 3013 4693 4874 270 2499 4681 4246 2439 814 1477 2854 558 1677 3145 1852 4191 4313 2300
编号:212--> 4125 2556 4678 1045 4888 3247 3804 3297 3816 1397 3305 2344 1289 2347 2086
编号:293--> 3338 2937 581 3545 984 4470 2178 2348 1801 1217 1550 1114 3412 1862 3546 3643 4178 3461 4617 3310 4779 3446 85 2546
编号:359--> 4516 2505 3673 4841 4367 3261 2271 3008 2394 1449 4337 4701 671 2747 508 2828 3924 3096 1378 860 1348 3877 4339 3975
编号:393--> 536 2366 2604 2272 4942 4723 625 2697 3077 2168 4112 172 2700 936 601 143 3146 32 3576 14 857
编号:411--> 2803 488 1323 2831 2265 2437
编号:416--> 2676 3464 1636 3486 2324 4909 1298 2717 1151 3446 4539 2941 1874 2374 4608
编号:433--> 1169 2581 4073 2944 4780 589 2279 3912 3797 3326 4994 3187 1887 1972 3886
编号:470--> 1239 1512 3556 1618 2579 4889 2310 2680 1794 1567 717 2545 285 1798 836 1942 1851 4712 1768 112
编号:516--> 2084 1775 2453 955 2517 2817 2648 314 3977 716 3526 584 4511 1908
编号:1089--> 2552 999 4160 1403 4485 5000 2624 4930 1723 496 4457 3156 879 812 3470 3251 1222
编号:1166--> 870 4603 1623 4937 1597 4403 3601 431 679 2381 2582 1696 2339 2433 2167 3429 1958
编号:1242--> 4964 4483 3228 2118 2895 1895 129 4893 1464 3032 1411 1849 2780 201 1574 2950 2405 2899 509 1310 1692 771 3337
编号:1439--> 1653 4383 4624 3663 3385 1321 4017 1858 2911 246 4298 1198 4251 1297 1909 2569 1397 3587
编号:1486--> 1958 4330 4298 3496 1855 2897 1353 1170 1145 4838 1766 2060 4916 2277 1547
编号:1509--> 4102 2924 4691 3805 2608 4573 3781 1209 1764 426 4509 406 4075 3149 3970 2938 4264 2733 4210
编号:1569--> 2782 2751 346 3589 3915 4054 4338 3861 2245 3074 2971 4631 4655 3154 3801 2143 337 3112 349 2720 3633 4746 4752
编号:1681--> 1867 4875 738 3518 1007 3061 1615 2341 688 4950 3452 42 4234 4665 1196 694 4115
编号:1828--> 3325 3575 489 253 3249 4060 3774 395 1838 2031 1898 4850 2385 1436 2952 3788 4097 2048 4703 3520 1130 1847 2667 3737 4503
编号:1849--> 848 3785 3081 2579 4883 212 1484 1160 1841 2468 1393 193 2711 1174 4661 2426 2120 1813 2438 43 2191 3566 3223
编号:2185--> 1406 2199 1197 120 1649 1033 4797 1914 2943 3899 1511 3324 3360 86 3844 2150 724 1851 1995
编号:2658--> 750 1856 4600 4096 1600 3942 3184 3849 2374 3542 1716
编号:2688--> 1009 2590 1717 2876 2269 1900 831 3446 1840 1276 3059 1113 4040 2492 2729 4175 250 2740 3494 1683 4325 58 2389 234
编号:2792--> 3669 4675 1821 2961 962 3691 4919 1053 2629 2554 1405 2817 2239 805 2046 2984
编号:2793--> 4078 2008 2175 2587 3143 4513 2249 2533 4897 4097 4124 1016 2626 3991 2792 3421 693 558 1728 4934 2532 4699 3305 527 2648
编号:2796--> 2420 3960 1419 1575 2886 177 329 1777 665 4777 3697 514 2949 3042 1396 152 3273 4633 2294
编号:2970--> 2786 3122 333 1149 4652 1438 310 3693 634 4899 3670 712 1773 2819 2824 2206 36 4916 3084 7 3133 1771
编号:2985--> 885 3231 2647 4738 2065 269 1533 4589 4398 3009 4698 3765 3944 4327 974 131 2259 1473
编号:3071--> 2236 4467 4729 3628 1897 600 938 3218 203 4945 1127 696 3769 2735 2679 3945 3729 3012 2734 3623 1059
编号:3420--> 824 1225 4583 4239 4375 896 1761 402 2001 855 479 1415 1694 1647 514 4958
编号:3523--> 3562 1347 599 2357 4522 4123 1814 3524 23 696 414 4546 265 165 4686 1159 3853 2497 593 2037 3801 4758 1070
编号:3642--> 3040 3136 4402 4363 2710 4804 612 1338 1926 860 1903 2468 3279 1582
编号:3928--> 2095 3521 1416 1371 2131 3522 1406 2685 3124 1543 3412 238 1271 632 405 655 3436 361 449
编号:4088--> 3247 3926 566 3874 2654 933 1392 3231 971 4284 509 915 1029 858 1843 365 4049 4358 4785
编号:4296--> 45 403 2257 1945 3622 3000 3514 3254 2728 2888 4870 2567 1428 3265 3079 2160
编号:4402--> 255 971 2356 1313 2150 4360 2154 3592 4937 2093 3950 4245 1638 3319 2764 4616 1342 3230 594 4203
编号:4636--> 706 1167 2028 4486 4654 1746 301 335 796 3491 4455 486 854 1154 824 4876 1270 2284 738 3311 2386 1086 3017 4775 1014
编号:25--> 893 4549 4802 3238 4460 2990 2769 968 1769 2004 4732 132 2698 803 2170 2775 3694 1434 3774 3117 985 4801 3413
编号:55--> 683 984 938 406 3855 169 4279 288 482 4825 1923 3157 2970 3108 380
编号:178--> 3351 3153 2940 302 2680 3749 1035 2421 2230 1281 945 3494 1865
编号:361--> 4092 1726 2524 2288 4570 3397 4126 3862 3801 4367 474 3694 4907 2500 1170 1399 3519 605 970
编号:461--> 4189 1643 4484 2614 4511 4255 4572 4932 591 1254 478 3359 2657 2574 1128 800 196 1202
编号:525--> 1163 4653 1771 2567 503 4022 2390 2891 4931 2235 60 3280 4032
编号:649--> 4985 212 1829 2376 4368 1684 3761 947 4192 4957 4809 692 2809 3409 4270 3679 1141 2942 109 3923
编号:662--> 1432 963 725 4931 1361 4629 2718 2826 2279 3713 824 1837 321 735 371 4285 4071
编号:667--> 2916 4291 3707 2902 1952 3853 84 777 2789 1946 2814 4484 1686 3177 3973 4508 331 3183 1243 1754 4486 2239
编号:820--> 4160 1062 1316 4731 3210 4436 2568 4765 2477 1185 1714 4820 4650 3852 196 3687 4949 1343 4945 2274 846 855 581 2228
编号:864--> 1307 4028 2335 2838 976 790 1988 1735 4091 577 2291 1438 1383
编号:923--> 2917 4161 4421 4620 345 2751 4989 3414 2491 3092 455 3927 1095 647 485 580
编号:961--> 3309 2688 3075 4443 4801 1375 744 1191 3405 2698 2589 3620 4365 2475 3664 4355 3 2963 2331
编号:1295--> 1779 856 1043 2342 3654 4212 4897 4361 3161 1011 1153 3752 4903 4340 762
编号:1493--> 1213 2823 3468 333 4150 3543 3716 1173 2709 139 874 724 4133 2032 4128 850 100 1657 3173 767 374 727
编号:1512--> 980 1743 505 3738 3226 1740 47 1023 3311 3215 878 900 3370 1234 316 33
编号:1661--> 600 4760 1014 3867 2528 5000 1358 2956 3899 4245 3274 4022
编号:1668--> 1890 1162 772 2368 354 2532 1440 4606 4758 3227 404 4727 2981 426
编号:1993--> 3137 3491 2007 77 4472 2546 516 1371 1067 138 4515 4190 1286 1050 1939 886 3449 2989 3433 128
编号:2035--> 3475 4474 2187 4182 966 2195 26 2444 3607 2641 1114 3052 4434 194 1651 1977 2386 3570 4295 2355 2409 2510 2563 1125 4562
编号:2181--> 2660 1811 3820 2297 4988 3242 4734 4683 586 4059 2129 619 2621 2600 680 733 3480 2473 3705 2313
编号:2448--> 1992 3332 319 4546 1911 796 1128 2117 1491 2766 1274 4000 4183 2392 4276 3078 439 3600 4562 1480
编号:2654--> 259 3368 2943 3975 4899 2557 4966 2198 3276 849 1238 4589 4231 4373 4215 4116
编号:2715--> 3712 3753 437 1662 1940 3882 316 4570 4195 4046 4217 1625 4544 1423 2016 3745 1726 436 2283 4607 4946 4828
编号:2772--> 2288 4167 3367 3044 2129 829 3240 740 3989 1258 1326 1174 2687 206 2813 4990 4743 1774
编号:2846--> 3567 377 532 2311 2450 3942 4862 3069 562 4602 605 2370
编号:2887--> 2522 4248 262 4347 548 4268 1241 1456 3725 3333 2227 4875 3409 319 737 153 188 4811 733 1916 1942 3216 4787 1986
编号:2921--> 1436 3283 3678 630 826 4781 2774 1676 3994 629 974 1839 2812 3493 1556 3349 1642
编号:2940--> 3635 318 654 905 2641 431 780 4296 460 4049 2575 2947 3853 3490 3422 4993 4418 4609 700 2954 1041 266 4104
编号:3228--> 3526 3244 3435 278 320 1799 3631 2045 238 2355 4554 3251 1909 3441 449 4829 774 4922 1755 1789 807 3697
编号:3258--> 2386 75 1850 4458 1726 366 4519 4265 4747 3872 3808 1365 1013 2218 3986 212 2072 4147 999 2398
编号:3610--> 2637 4419 4977 2687 206 4011 2566 4031 3534 1438 4140 1074 1340 2424 2591 1659 234 3036
编号:3614--> 3997 1871 741 2328 2515 731 747 852 3679 4924
编号:4060--> 3191 729 1829 1764 2597 3641 4462 4558 2319
编号:4070--> 2789 2794 3974 3098 4517 216 1563 1426 2122 4384 2362 4784 4472
编号:4251--> 3285 4762 3846 3494 3996 1640 2248 3329
编号:4481--> 2246 452 3382 721 4808 608 1644 1344 3812 4835 2746 423 2994 1905 4656 731 330
编号:4550--> 1546 2773 31 1634 4394 3894 4312 2211 2976 1734 2589 4770 448 3972 2939
编号:4907--> 211 1907 3769 4097 3495 895 4725 4586 3732 4721 2821 75 2813 997 3806 3384 3139 744
编号:4956--> 2639 3183 3752 2720 437 2089 2320 2601 2943 701 3255 486 3350 3986 1848 3238
编号:15--> 940 4602 1122 2742 4190 3575 1117 3662 4664 1048 4695 564 1551 2620 3354 3895 3596
编号:53--> 3738 979 2966 4191 2451 4760 3354 3809 3769 2050 4768
编号:120--> 4436 2631 1906 4299 4236 157 4281 367 4529 4706 2266 3747 2311 829 2884 2946 664 87 3112
编号:121--> 710 1207 4724 2135 713 2503 954 4668 2750 1518
编号:151--> 3225 2148 4849 3478 4117 2185 3064 3982 157 4778 547 362
编号:155--> 884 3595 987 3551 2073 1435 2761 3909 3560 4283 436
编号:163--> 3859 1359 2013 477 4317 3560 2687 515 1463 1203 3410 1416 234
编号:186--> 4866 4856 4048 1919 2230 1322
编号:238--> 3925 1747 1078 1266 4838 1908 2851 3433 904 4982 3880 1780 2479 1307 4249 4928 247 4846 2346
编号:244--> 4648 35 2905 3938 4567 3007 1927 339 3372 158 3643 2478 379 2488
编号:254--> 913 2312 763 994 4367
编号:266--> 3734 2174 1315 84 4129 3330 598 4215 356
编号:422--> 3578 991 4330 308 1608 1793 2075 1180
编号:536--> 1701 3646 1492 2313 3600 2954 635 2347 2862 66 190
编号:539--> 4913 2045 4114 2864 4369 742 3984 152 2389 2064 3983 4992 2525 4303 3206 2748 3788 4281
编号:544--> 11 4302 4377 4327 13 4667 3509 4061 2529 300 4991 4628 1588 4551 3362 730
编号:575--> 1437 4238 3427 2397 4026 2875 4066 4227 4135 2303 2059 2018 4473 2068
编号:582--> 4448 574 3217 4403 4314 1514 1648 160 1718 2254 1229 4779 4996 5 4760 171 2061 1432
编号:647--> 3271 4188 1830 2606 134 1294 3671 1778 1784 3143 4298 1095 4233 364
编号:710--> 629 4508 4524 770 751 4091 3215 2613 2127 1138 4968 4606 2585 189 3757 2252 1051 571
编号:713--> 960 1913 2783 1890 783 3778 3349 2115 4729 1688 3484 4486
编号:867--> 995 442 2931 1806 2172 4954 2988 4081 1134 1131 2312 1126 3362 2122 3634 188 4268
编号:941--> 2701 2857 4521 155 284 4389 2949 2038 2295
编号:946--> 2795 4302 3482 1616 3335 3132 1918 4531 806 4504 2608 445 4934 1455 4510 1850 4321 3169 4814 2768 4542 4695 1848 4950
编号:1068--> 590 4992 55 2846 3054 597 1890 4241 3485 1723 3819 731 697 4710 4441 729 310 2011 680 54 952
编号:1169--> 4943 3142 4785 4854 4112 2148 1118 4728 3348 4924 3553 309 4805 416
编号:1214--> 2101 2695 3454 2292 4868 3713 2773 2497 1865 1992 612 4797 1431 3790 1669 3106 4897 692 2494 3825 3369 1446 714
编号:1228--> 4785 3981 1303 2330 1058 3209 457 284 167 938 4697 1631 4960 2329
编号:1230--> 4970 1540 509 894 959 304 1176 2117 2956 4128 1331 490 523 1812 4172 4035 2654 1518 3485 2705
编号:1239--> 3421 1604 2581 3889 591 1114 2962 2885 1688 739 3474 2105 1824 2531 2352 3501 1386
编号:1354--> 4229 1797 244 2513 3146 3479 2014 3614 2018 1304 1357
编号:1592--> 1908 1998 3726 1610 947 2872 4416 541 4662 2568 646 3487 4534 971 902 950 2894 3844 1688 1949 4070 3891 1269 4803
编号:1675--> 3752 3821 1966 3623 429 3744 4009 628 120 1873 2155 74 4402 4158 1449 537 3257 3998 3904 4319 1459 4724 4861 2482 2031
编号:1744--> 343 2781 999 4723 1989 3815 1113 4226 2731 3783 3764 4703 3572 1338 3357 1977 1094 3533 1534 1430 1193
编号:1834--> 1867 4089 2823 1588 1805 4299 3669 1858 2159 6 2280 2324 1438 96 1049 2118 2543 1819
编号:1968--> 4118 1987 4574 60 268 454 155 1459 4656 1094 918 2640 1716 981 3392 4800 2198 2271
编号:2059--> 1376 4790 4546 1025 1929 2058 3122 881 4503 1692 1594 1668 4447 3969 4352 1103 1467 544 743 3615
编号:2227--> 816 2369
编号:2234--> 4194 2593 516 834 4108 121 4791 880 2237 162 2966 513 579 4803
编号:2478--> 637 4559 3605 700 1311 3360 3249 3096 2341 3949 2665 3881 4553 2950 1278 2659 3121
编号:2845--> 4579 1760 2667 1245 3841 1599 834 4621 404 4783 3758 1338 3795 2891 2601 2483 860 3158
编号:3034--> 2545 248 882 2823 1865 2405 2978 2865 114 4053 814 411 1671 2219 3598 3784 270 4374 4313 3446 354 423 2999 874 395
编号:3135--> 4719 600 2822 3172 2463 1125 552 2003 2689 2060 3375 1962 3167 2499 883 3238 3459 76 2052 186 4480 2122 2142 125 2224
编号:3546--> 4266 3723 1029 2092 4607 3508 2666 1790 505 2706 3093 1503 1961 4472 3625 67 2553 3435 1973
编号:3754--> 3270 241 3606 3575 1535 1808 2305
编号:3843--> 2655 544 4408 297 1998
编号:3903--> 4294 1369 634 479 196 3485 3035 4888 2078 4918 1641 1548 4403 3740
编号:3916--> 3722 3955 4953 4959 3182 2660 3702 1464 4510 4276 4682 386 757 3251 1213 4328
编号:3951--> 1215 3889 4536 3517 3788 2025 3009 727 2772 1957 4476 104 1931 1111 1321 38 456 3536 409
编号:4256--> 4122 1176 2435 381 1472 3102 3759 3168 819 4379 604 3856
编号:4405--> 2676 1041 3217 4896 3935 4307 16 1109 3351 4277 1459 3282 1817 40 3523 1975
编号:4891--> 1438 1795 2934 3682 2894 596 3238 1841 3772 1352 290 3105 1992 1944 3952 943 1377 584
编号:4934--> 2906 3111 774 4037 1747 4018 1907 3824 1552 765 1542
编号:21--> 4740 246 4945 4142 3933 2759 2304 986 1380 4811 2049 3669 708 3366 4282 179 1924 2955 2505 4977
编号:50--> 1444 1194 4612 1646 2791 4034
编号:66--> 435 4064 3247 4212 2540 1317 3226 4018 3944 789 2504 4564 2046 2183 2678 3487 1264 2123 3076 1355 3420 2238
编号:70--> 899 498 4484 2257 3890 2756 2380 2519 2883 2496 2279 214 473 4768 1589 3804 1654 28
编号:111--> 1102 625 3142 1670 3081 3913 4931 3923 2671 2179 3446 1426 3707 3627 2707 3715
编号:195--> 2784 1307 3034 2679 1536 3216 201 2045 3706 2858 3893 3382 4590 2190 4469 3727 2576 3720 1169 3932 3735
编号:210--> 4159 499 3794 2875 1094 776 4028 3905 4071 4881 4902 4373 1121 210
编号:225--> 1846 3178 3024 4440 1135 29 2944 839 374 3317 286 3522 1438 1237 1705 2441 229 1379 3786 992 2786 4238 3072
编号:343--> 802 291 95 2957 4689 304 3402 3779 1526 3861 75 4318 1457 306 4767 1011 3823 1845 2523 132 1927 3521 4013
编号:386--> 2801 243 1605 1773 2944 2100 2554 4544 2381 4651 1831 1350 3419 615 428
编号:428--> 2565 747 2880 4867 1907 4313 1463 2571 2071 555 4070 1727 3289 660 491 1008 1945
编号:456--> 3453 2256 2471 4854 1579 1127 4857 4995 4415 2342 4312 3728 3806 2482 4439 3777
编号:458--> 3226 2784 2351 2804 4635 3813 4185 4789 4209 3480 406 4526 1029 4592 727 3179 515
编号:465--> 4711 2004 1499 1723 2362 3095 1161 4487 4111 4435
编号:469--> 2233 2137 2486 4004 1390 3131 3666 1951 2646 3027 661 414 2723 883 4784
编号:540--> 4222 4054 2956 3511 3230 3620 3100
编号:561--> 4277 2818 3521 1135 3927 38 2564 3661 4791 995 4891 168 2233 1140 3160 2701 3653 4505 4968
编号:565--> 2159 4507 2302 4193 4539 4176 3880 4412 3375 200 3621 3023 144 3532
编号:630--> 2855 3319 400 3179 4669 1436 4162 4346 872 1470 4884 2664 691 3339 3524 866 3048 3849 4212
编号:669--> 2726 2716 772 1679
编号:723--> 1400 1019 1107 1549 3904 1536 2042 3295 2132
编号:736--> 3578 2621 2406 3302 4967 800 844 1414 4225 3751 536 4589 51 2156 4355 594 2930 3451 1322 410 1224
编号:737--> 1047 1719 485 4912
编号:741--> 2068 1928 4709 333 3338 4021 699 2012 2606 131 4887 3811 4142 613 2059 1215
编号:789--> 3048 4236 2141 4345 4200 3303 2863 496 2037 1949 4845
编号:879--> 3623 2376 2826 4917 2472 2866 2352 2499 4448 3642 3537 3079 4074 1635 6 904 4911 1676 3264 4061 4059 1047
编号:1028--> 3946 1928 3138 2283 2682 1204 326 2796
编号:1263--> 4167 4897 2462 1306 222 3604 4318 1850 3784 3681 1977 4036 1205 2042
编号:1316--> 2566 2097 2143 4350 3054 3511 3840 821
编号:1624--> 4991 3351 412 4123 2981 1861 2077 1274 2802 731 3417 2613 4358 3360 4417 3275 4407 1574 4549 2627 2324 1621 862 322
编号:1827--> 1245 3530 536 2195 3313 871 3729 994 1054 1655 2276 580 3817 2584 4242 4406 1381 3657 2509 1966 180 139
编号:2159--> 1778 3376 250 4151 3793 2685 4772 1203 3407 1670 3540 3753 1504 3494 3582 1481
编号:3638--> 3159 2172 1461 1077 4886 1597 2714 1571 2437 4737 2460 2989 135 2671 3558 4800 2204
